193
3 2 276744
5 3 418523
5 1 177553
5 5 317566
1 3 136119
2 4 599188
1 1 840377
3 4 762930
1 1 756157
2 2 863456
3 4 14912
2 1 197075
2 4 357438
3 1 100963
3 1 545072
3 3 518567
2 4 644902
4 1 399022
5 4 704732
4 5 556734
2 5 968665
1 3 19965
5 2 147206
2 1 626436
3 2 384887
4 4 919944
4 2 574587
4 5 965864
3 5 872275
3 4 460924
4 1 112690
5 4 689713
1 1 236311
5 3 446172
2 4 914828
4 4 135203
1 5 356463
4 2 353039
4 2 635330
4 2 64956
5 3 155409
3 1 535862
3 3 622285
1 5 285891
3 2 725142
2 5 942706
1 3 17772
5 5 720631
1 1 183525
5 2 335032
2 1 236058
3 2 19872
3 5 416545
2 4 42049
1 2 727852
3 5 975374
2 5 695710
3 5 37451
3 5 978709
2 3 413862
1 5 599271
1 3 404608
4 2 304185
5 3 642452
5 5 791093
3 5 348245
2 5 527065
2 5 362359
1 4 557774
2 3 443791
5 4 445086
1 4 761577
5 2 752451
3 2 7597
2 2 932915
5 5 347048
5 3 528824
2 5 232018
3 1 416694
3 1 117744
3 5 531339
3 2 363619
5 5 686518
4 5 989778
3 3 66661
3 3 348040
2 1 72983
5 4 106304
5 4 415773
1 3 258289
4 1 763483
3 5 437418
2 5 408191
4 4 932945
4 4 367437
4 1 281013
4 1 287552
1 5 457947
4 2 629833
4 1 913214
1 3 899572
3 2 195835
2 2 507171
4 3 294547
5 2 170846
3 3 392461
2 4 224136
5 4 284357
4 1 278504
2 1 488280
5 5 676303
3 1 409019
5 1 716368
3 4 542163
3 4 77403
5 4 818544
2 1 737791
4 5 989883
5 4 341451
4 1 766446
1 2 557923
2 3 643182
4 1 460325
2 4 481125
5 4 351760
1 5 346978
1 3 523697
5 5 166355
5 4 555837
1 5 454347
5 3 94775
5 5 724808
1 1 833692
3 4 389501
1 3 925394
2 2 938554
3 1 919714
4 4 895695
4 1 997870
4 1 53056
3 1 170394
1 1 924905
4 2 422656
3 1 210416
2 3 523662
5 5 267375
5 3 886743
2 2 285789
3 1 455944
3 2 289095
2 5 660707
5 2 347905
4 2 613237
2 1 227252
3 2 122212
3 1 90437
5 2 688051
5 2 944537
5 2 274068
4 4 380550
2 2 839150
5 3 259508
1 2 145234
1 2 278949
3 4 141138
3 1 445042
4 5 721964
1 3 575172
3 4 281378
5 2 405317
3 1 286138
4 4 487868
3 3 116805
4 4 325465
4 4 737768
4 2 232539
5 2 558996
1 4 641065
2 4 125058
5 3 508729
4 5 653586
1 5 95878
5 2 817792
3 3 744772
1 1 816274
3 2 136773
4 3 664390
5 5 375521
1 1 804443
4 3 758294
3 4 896835
5 1 478330
4 2 730491
